 $america = [[11, "Austin", "Texas", 912, 791, 790, 390, 15.49, 322.48, 835.2, 2, 653,
            1, 024, 30.3072, 97.7560], [12, "Jacksonville", "Florida", 853, 382, 821, 784, 3.85, 747.0, 1, 934.7, 1, 120,
            433, 30.3370, 81.6613], [13, "San Francisco", "California", 852, 469, 805, 235, 5.87, 46.9, 121.4, 17, 179,
            6, 633, 37.7751, 122.4193], [14, "Indianapolis", "Indiana", 848, 788, 820, 445, 3.45, 361.4, 936.1, 2, 270,
            876, 39.7767, 86.1459], [15, "Columbus", "Ohio", 835, 957, 787, 033, 6.22, 217.2, 562.5, 3, 624,
            1, 399, 39.9848, 82.9850], [16, "Fort Worth", "Texas", 812, 238, 741, 206, 9.58, 339.8, 880.1, 2, 181,
            842, 32.7795, 97.3463], [17, "Charlotte", "North Carolina", 809, 958, 731, 424, 10.74, 297.7, 771.0, 2, 457,
            949, 35.2087, 80.8307], [18, "Detroit", "Michigan", 680, 250, 713, 777, 4.70, 138.8, 359.4, 5, 144,
            1, 986, 42.3830, 83.1022], [19, "El Paso", "Texas", 679, 036, 649, 121, 4.61, 255.2, 661.1, 2, 543,
            982, 31.8484, 106.4270], [20, "Seattle", "Washington", 668, 342, 608, 660, 9.81, 83.9, 217.4, 7, 251,
            2, 800, 47.6205, 122.3509], [21, "Denver", "Colorado", 663, 862, 600, 158, 10.61, 153.0, 396.3, 3, 923,
            1, 515, 39.7618, 104.8806], [22, "Washington", "District of Columbia", 658, 893, 601, 723, 9.50, 61.0, 158.1, 9, 856,
            3, 806, 38.9041, 77.0171], [23, "Memphis", "Tennessee", 656, 861, 646, 889, 1.54, 315.1, 816.0, 2, 053,
            793, 35.1035, 89.9785], [24, "Boston", "Massachusetts", 655, 884, 617, 594, 6.20, 48.3, 125.0, 12, 793,
            4, 939, 42.3320, 71.0202], [25, "Nashville", "Tennessee", 644, 014, 601, 222, 7.12, 475.1, 1, 230.8, 1, 265,
            489, 36.1718, 86.7850], [26, "Baltimore", "Maryland", 622, 793, 620, 961, 0.30, 80.9, 209.6, 7, 672,
            2, 962, 39.3002, 76.6105], [27, "Oklahoma City", "Oklahoma", 620, 602, 579, 999, 7.00, 606.4, 1, 570.6, 956,
            369, 35.4671, 97.5137], [28, "Portland", "Oregon", 619, 360, 583, 776, 6.10, 133.4, 345.6, 4, 375,
            1, 689, 45.5370, 122.6500], [29, "Las Vegas", "Nevada", 613, 599, 583, 756, 5.11, 135.8, 351.8, 4, 298,
            1, 660, 36.2277, 115.2640], [30, "Louisville", "Kentucky", 612, 780, 597, 337, 2.59, 325.2, 842.4, 1, 837,
            709, 38.1781, 85.6667], [31, "Milwaukee", "Wisconsin", 599, 642, 594, 833, 0.81, 96.1, 249.0, 6, 188,
            2, 389, 43.0633, 87.9667], [32, "Albuquerque", "New Mexico", 557, 169, 545, 852, 2.07, 187.7, 486.2, 2, 908,
            1, 123, 35.1056, 106.6474], [33, "Tucson", "Arizona", 527, 972, 520, 116, 1.51, 226.7, 587.2, 2, 294,
            886, 32.1543, 110.8711], [34, "Fresno", "California", 515, 986, 494, 665, 4.31, 113.2, 293.2, 4, 418,
            1, 706, 36.7827, 119.7945], [35, "Sacramento", "California", 485, 199, 466, 488, 4.01, 97.9, 253.6, 4, 764,
            1, 839, 38.5666, 121.4686], [36, "Long Beach", "California", 473, 577, 462, 257, 2.45, 50.3, 130.3, 9, 191,
            3, 549, 33.8091, 118.1553], [37, "Kansas City", "Missouri", 470, 800, 459, 787, 2.40, 315.0, 815.7, 1, 460,
            564, 39.1252, 94.5511], [38, "Mesa", "Arizona", 464, 704, 439, 041, 5.85, 136.5, 353.4, 3, 218,
            1, 242, 33.4019, 111.7174], [39, "Atlanta", "Georgia", 456, 002, 420, 003, 8.57, 133.2, 344.9, 3, 154,
            1, 218, 33.7629, 84.4227], [40, "Virginia Beach", "Virginia", 450, 980, 437, 994, 2.96, 249.0, 644.9, 1, 759,
            679, 36.7793, 76.0240], [41, "Omaha", "Nebraska", 446, 599, 408, 958, 9.20, 127.1, 329.2, 3, 218,
            1, 242, 41.2647, 96.0419], [42, "Colorado Springs", "Colorado", 445, 830, 416, 427, 7.06, 194.5, 503.9, 2, 141,
            826, 38.8673, 104.7607], [43, "Raleigh", "North Carolina", 439, 896, 403, 892, 8.91, 142.9, 370.1, 2, 826,
            1, 091, 35.8302, 78.6414], [44, "Miami", "Florida", 430, 332, 399, 457, 7.73, 35.9, 92.9, 11, 539,
            4, 455, 25.7752, 80.2086], [45, "Oakland", "California", 413, 775, 390, 724, 5.90, 55.9, 144.8, 7, 004,
            2, 704, 37.7699, 122.2256], [46, "Minneapolis", "Minnesota", 407, 207, 382, 578, 6.44, 54.0, 139.8, 7, 088,
            2, 737, 44.9633, 93.2683], [47, "Tulsa", "Oklahoma", 399, 682, 391, 906, 1.98, 196.8, 509.6, 1, 992,
            769, 36.1279, 95.9023], [48, "Cleveland", "Ohio", 389, 521, 396, 815, 1.84, 77.7, 201.2, 5, 107,
            1, 972, 41.4781, 81.6795], [49, "Wichita", "Kansas", 388, 413, 382, 368, 1.58, 159.3, 412.6, 2, 400,
            927, 37.6907, 97.3427], [50, "New Orleans", "Louisiana", 384, 320, 343, 829, 11.78, 169.4, 438.8, 2, 029,
            784, 30.0686, 89.9390], [51, "Arlington", "Texas", 383, 204, 365, 438, 4.86, 95.9, 248.3, 3, 811,
            1, 472, 32.7007, 97.1247], [52, "Bakersfield", "California", 368, 759, 347, 483, 6.12, 142.2, 368.2, 2, 444,
            944, 35.3212, 119.0183], [53, "Tampa", "Florida", 358, 699, 335, 709, 6.85, 113.4, 293.7, 3, 077,
            1, 182, 27.9701, 82.4797], [54, "Aurora", "Colorado", 353, 108, 325, 078, 8.62, 154.1, 369.1, 2, 110,
            881, 39.7082, 104.8235], [55, "Honolulu", "Hawai", 350, 399, 337, 256, 3.90, 60.5, 156.7, 5, 573,
            2, 152, 21.3259, 157.8453], [56, "Anaheim", "California", 346, 997, 336, 265, 3.19, 49.8, 129.1, 6, 748,
            2, 605, 33.8555, 117.7601], [57, "Santa Ana", "California", 334, 909, 324, 528, 3.20, 27.3, 70.6, 11, 901,
            4, 595, 33.7365, 117.8826], [58, "Corpus Christi", "Texas", 320, 434, 305, 215, 4.99, 160.6, 416.0, 1, 900,
            734, 27.7543, 97.1734], [59, "Riverside", "California", 319, 504, 303, 871, 5.14, 81.1, 210.2, 3, 745,
            1, 446, 33.9381, 117.3932], [60, "St" . "Louis", "Missouri", 317, 419, 319, 294, 0.59, 61.9, 160.3, 5,157,
1,991, 38.6357, 90.2446],  [61, "Lexington", "Kentucky", 310, 797, 295, 803, 5.07, 283.6, 734.6, 1, 043,
        403, 38.0402, 84.4584],  [62, "Pittsburgh", "Pennsylvania", 305, 412, 305, 704, 0.10, 55.4, 143.4, 5,521,
2,132, 40.4398, 79.9766],  [63, "Stockton", "California", 302, 389, 291, 707, 3.66, 61.7, 159.7, 4, 730,
        1, 826, 37.9763, 121.3133],  [64, "Anchorage", "Alaska", 301, 010, 291, 826, 3.15, 1, 704.7, 4, 415.1, 171,
        66, 61.2176, 149.8953],  [65, "Cincinnati", "Ohio", 298, 165, 296, 943, 0.41, 77.9, 201.9, 3, 810,
        1, 471, 39.1399, 84.5064],  [66, "Saint Paul", "Minnesota", 297, 640, 285, 068, 4.41, 52.0, 134.6, 5, 484,
        2, 118, 44.9489, 93.1039],  [67, "Greensboro", "North Carolina", 282, 586, 269, 666, 4.79, 126.5, 327.7, 2, 131,
        823, 36.0965, 79.8271],  [68, "Toledo", "Ohio", 281, 031, 287, 208, 2.15, 80.7, 209.0, 3,559,
1,374, 41.6641, 83.5819],  [69, "Newark", "New Jersey", 280, 579, 277, 140, 1.24, 24.2, 62.6, 11, 458,
        4, 424, 40.7242, 74.1726],  [70, "Plano", "Texas", 278, 480, 259, 841, 7.17, 71.6, 185.4, 3, 630,
        1, 402, 33.0508, 96.7479],  [71, "Henderson", "Nevada", 277, 440, 257, 729, 7.65, 107.7, 279.0, 2, 392,
        924, 36.0122, 115.0375],  [72, "Lincoln", "Nebraska", 272, 996, 258, 379, 5.66, 89.1, 230.8, 2, 899,
        1, 119, 40.8090, 96.6804],  [73, "Orlando", "Florida", 262, 372, 238, 300, 10.10, 102.4, 265.2, 2, 327,
        899, 28.4159, 81.2988],  [74, "Jersey City", "New Jersey", 262, 146, 247, 597, 5.88, 14.8, 38.3, 16, 737,
        6, 462, 40.7114, 74.0648],  [75, "Chula Vista", "California", 260, 988, 243, 916, 7.00, 49.6, 128.5, 4, 915,
        1, 898, 32.6277, 117.0152],  [76, "Buffalo", "New York", 258, 703, 261, 310, 1.00, 40.4, 104.6, 6,471,
2,498, 42.8925, 78.8597],  [77, "Fort Wayne", "Indiana", 258, 522, 253, 691, 1.90, 110.6, 286.5, 2, 293,
        885, 41.0882, 85.1439],  [78, "Chandler", "Arizona", 254, 276, 236, 123, 7.69, 64.4, 166.8, 3, 666,
        1, 415, 33.2829, 111.8549],  [79, "St" . "Petersburg", "Florida", 253, 693, 244, 769, 3.65, 61.7, 159.9, 3, 964,
        1, 531, 27.7620, 82.6441],  [80, "Laredo", "Texas", 252, 309, 236, 091, 6.87, 88.9, 230.3, 2, 655,
        1, 025, 27.5477, 99.4869],  [81, "Durham", "North Carolina", 251, 893, 228, 330, 10.32, 107.4, 278.1, 2, 127,
        821, 35.9810, 78.9056],  [82, "Irvine", "California", 248, 531, 212, 375, 17.02, 66.1, 171.2, 3, 213,
        1, 240, 33.6784, 117.7713],  [83, "Madison", "Wisconsin", 245, 691, 233, 209, 5.35, 76.8, 198.9, 3, 037,
        1, 173, 43.0878, 89.4301],  [84, "Norfolk", "Virginia", 245, 428, 242, 803, 1.08, 54.1, 140.2, 4, 486,
        1, 732, 36.9230, 76.2446],  [85, "Lubbock", "Texas", 243, 839, 229, 573, 6.21, 122.4, 317.0, 1, 875,
        724, 33.5665, 101.8867],  [86, "Gilbert", "Arizona", 239, 277, 208, 453, 14.79, 68.0, 176.0, 3, 067,
        1, 184, 33.3102, 111.7422],  [87, "Winston-Salem", "North Carolina", 239,269, 229,617, 4.20, 132.4, 343.0, 1,734,
669, 36.1033, 80.2606],  [88, "Glendale", "Arizona", 237, 517, 226, 721, 4.76, 60.0, 155.3, 3, 780,
        1, 460, 33.5331, 112.1899],  [89, "Reno", "Nevada", 236, 995, 225, 221, 5.23, 103.0, 266.8, 2, 186,
        844, 39.4745, 119.7765],  [90, "Hialeah", "Florida", 235, 563, 224, 669, 4.85, 21.5, 55.6, 10, 474,
        4, 044, 25.8699, 80.3029],  [91, "Garland", "Texas", 235, 501, 226, 876, 3.80, 57.1, 147.8, 3, 974,
        1, 535, 32.9098, 96.6304],  [92, "Chesapeake", "Virginia", 233, 371, 222, 209, 5.02, 340.8, 882.7, 652,
        252, 36.6794, 76.3018],  [93, "Irving", "Texas", 232, 406, 216, 290, 7.45, 67.0, 173.6, 3, 227,
        1, 246, 32.8577, 96.9700],  [94, "North Las Vegas", "Nevada", 230, 788, 216, 961, 6.37, 101.3, 262.5, 2, 141,
        827, 36.2830, 115.0893],  [95, "Scottsdale", "Arizona", 230, 512, 217, 385, 6.04, 183.9, 476.4, 1, 182,
        456, 33.6687, 111.8237],  [96, "Baton Rouge", "Louisiana", 228, 895, 229, 493, 0.26, 76.9, 199.3, 2,982,
1,152, 30.4485, 91.1259],  [97, "Fremont", "California", 228, 758, 214, 089, 6.85, 77.5, 200.6, 2, 764,
        1, 067, 37.4944, 121.9411],  [98, "Richmond", "Virginia", 217, 853, 204, 214, 6.68, 59.8, 154.9, 3, 415,
        1, 318, 37.5314, 77.4760],  [99, "Boise", "Idaho", 216, 282, 205, 671, 5.16, 79.4, 205.56, 2, 592,
        1, 001, 43.5985, 116.2311],  [100, "San Bernardino", "California", 215, 213, 209, 924, 2.52, 59.2, 153.3, 3, 546,
        1, 369, 34.1393, 117.2953]];

        foreach($america as $blah) {
            $this->info('$this->getMovies("' . $blah[1] . '", "' . $blah[2] . '", ' . $blah[count($blah) - 2] . ', -' . $blah[count($blah) - 1] . ', $day);');
        }

        dd();